              precision    recall  f1-score   support

           A       0.00      0.00      0.00         6
           B       0.50      0.20      0.29         5
           C       0.50      0.40      0.44         5
           D       0.20      0.17      0.18         6
           E       0.00      0.00      0.00         5
           F       0.20      0.17      0.18         6
           G       0.43      0.50      0.46         6
           H       0.00      0.00      0.00         6
           I       0.00      0.00      0.00         6
           J       0.31      0.62      0.42         8
           K       0.22      0.33      0.27         6
           L       0.00      0.00      0.00         6
           M       0.09      0.17      0.12         6
           N       0.33      0.17      0.22         6
           O       0.00      0.00      0.00         6
           P       0.50      0.40      0.44         5
           Q       0.21      0.50      0.30         6
           R       0.00      0.00      0.00         5
           S       0.31      0.57      0.40         7
           T       0.14      0.20      0.17         5
           U       0.00      0.00      0.00         5
           V       0.09      0.17      0.12         6
           W       0.00      0.00      0.00         6
           X       0.25      0.20      0.22         5
           Y       0.00      0.00      0.00         5
           Z       0.60      1.00      0.75         6

    accuracy                           0.23       150
   macro avg       0.19      0.22      0.19       150
weighted avg       0.19      0.23      0.20       150
